d435 1:

D = [0.09298682618116505,
    0.015390223664815218,
    0.005139601830183345,
    0.003914379228313225,
    0.0]
K = [610.578773316234, 0.0, 327.3431353049636,
    0.0, 613.2773192017357, 246.48759650597566,
    0.0, 0.0, 1.0]
R = [1.0, 0.0, 0.0,
    0.0, 1.0, 0.0,
    0.0, 0.0, 1.0]
P = [635.9727783203125, 0.0, 328.994713706692,
    0.0, 0.0, 638.5485229492188, 248.312022111033,
    0.0, 0.0, 0.0, 1.0, 0.0]


 d435 2:
 camera matrix
 627.909377 0.000000 317.396566
 0.000000 628.098828 224.917433
 0.000000 0.000000 1.000000

 distortion
 0.168462 -0.328174 0.003743 -0.006419 0.000000

 rectification
 1.000000 0.000000 0.000000
 0.000000 1.000000 0.000000
 0.000000 0.000000 1.000000

 projection
 642.053833 0.000000 314.195582 0.000000
 0.000000 644.819946 226.165234 0.000000
 0.000000 0.000000 1.000000 0.000000
